14680
21605
24183
29762
20800
21664
29598
6192
935
32521
15116
18070
16916
12467
23331
25969
819
18942
30284
12756
22483
26232
1167
18929
2607
14359
32254
26997
1799
6349
21165
5036
5277
30652
23299
12208
30503
22923
21187
9009
31568
27244
5654
610
9102
31394
12211
14081
25049
4360
25470
15689
19902
18412
9017
1470
22336
24659
16548
11185
20225
7184
6595
4935
18665
22196
25780
15608
32407
14257
7843
14814
30548
28678
15553
157
31906
5936
9204
13604
27517
10931
31366
11996
7263
24496
21387
7184
8455
30510
15197
11451
28901
4895
3588
28940
26791
29828
23128
5351
26358
22517
20447
1221
25725
7690
32330
218
4850
5080
29206
11226
6842
32106
3127
16302
28676
22363
20262
27766
5117
1584
4828
30693
31722
29351
26754
24834
29588
16692
26072
26799
4844
1703
4304
5453
10199
24959
2046
421
6483
27754
29671
858
11661
24678
27004
6563
25786
7608
19697
6671
31405
19097
23487
13553
1121
18756
25394
15293
8241
8411
16699
15019
3542
5630
30729
19666
13393
1655
13519
24330
15862
643
4944
6376
21961
7887
28000
23672
30420
5283
6514
25713
25318
8531
2328
9275
16408
10722
22446
7405
18393
21928
21386
23701
23212
7269
26376
29151
14364
30541
14824
28506
10774
12571
9513
29141
31776
26980
17129
9856
31163
6059
6359
30161
11837
23107
4280
24469
23992
5396
8218
20259
13997
21346
4213
6592
10811
17673
30947
20664
7719
28069
9991
29612
22653
17033
20853
2811
1423
11793
7885
17558
30162
32362
6570
8093
11514
7381
11279
13750
28738
7723
28268
10939
5606
26556
15847
22706
21492
176
31891
19434
18197
25028
22513
25985
20978
5385
18929
18307
9373
426
2479
26799
160
16852
5
30204
10409
15471
25970
17982
27820
22323
7866
29037
25357
9617
11382
7414
7976
20473
16851
10817
18910
22257
1914
32474
26082
7152
1188
20868
761
343
16372
29857
13244
7617
13178
13173
8693
6979
3760
27252
10447
24204
24860
4923
22394
20744
1519
17914
28862
3503
5626
459
26955
2848
3152
951
8544
20812
32736
607
2379
18302
19004
19222
22617
24172
22135
21407
17181
29661
1223
16829
14081
16648
14882
25766
31814
1291
15229
16867
28443
12659
12140
9318
27111
3101
32436
3165
20775
12884
31010
21299
4379
23176
14384
11402
22107
11387
28327
14679
12402
11333
12155
24516
32635
8017
22799
11762
10390
20333
18885
31803
14631
21873
10754
12893
6475
10448
5460
5429
30753
28940
2456
8761
9032
31312
25869
23661
19402
4776
2909
24287
22461
31956
25608
32431
28516
15533
20120
3908
31204
15427
2177
27183
30713
12800
21693
1551
7499
24704
9009
4785
29371
3801
4743
9339
12329
4716
6614
3211
13556
19593
22640
31547
9975
20079
2725
32010
31127
27875
28761
8826
15463
14874
17158
32565
10204
15068
3589
7028
6776
31142
24309
26173
118
7435
133
22676
4569
922
14415
8606
22583
11351
22596
3587
3150
3754
23851
30515
798
27220
25771
20655
20713
6490
16344
14334
15385
16628
31001
5913
7151
2091
30643
10038
8943
20894
436
2082
20071
4733
28672
24532
6860
27509
6959
21535
31455
25445
21067
29668
13703
32655
11482
30931
14483
2929
19217
3046
63
24907
12992
32349
25116
31199
16556
5320
4184
19833
27110
9962
1393
27752
26139
8090
22588
6648
7207
6041
24990
31722
7627
7479
12775
24694
2128
27364
22943
3248
19435
26592
30028
30752
20394
27566
7577
22193
18118
13516
1781
25662
31183
10401
9878
5692
23494
24086
15980
21977
25006
2862
18335
18625
19191
24226
11826
65
18721
26685
16426
22520
13347
16408
17203
5605
12940
15885
27143
20550
23885
10985
24877
7641
17076
5497
24583
7468
1943
31833
432
27993
11025
11156
11923
533
3161
26312
6780
25951
7900
16682
22050
711
6403
17217
13161
28473
11528
7176
31411
21207
22284
29474
6558
30159
4902
18054
11045
12055
27510
25536
32489
16326
15558
7735
28539
7736
19625
7322
7469
18530
18761
1776
14009
21491
5987
3787
20593
20624
28512
11609
19795
13689
18483
15222
31811
26059
14048
31428
2987
16700
9977
25884
13723
2038
19627
10005
2982
5111
5119
2219
26631
25371
22581
9687
1033
8916
11582
6126
20010
19004
20017
14986
3741
16086
7594
9759
24363
16972
10894
32037
11944
21133
25522
4732
25246
17542
2551
23999
31943
19052
16085
26961
30220
11239
7010
3710
15871
3117
8127
27017
22998
8287
31203
26694
6597
12798
20563
8224
18408
30173
18636
29551
16119
3240
2180
21080
22549
5519
12171
10546
26258
9721
16194
13395
1320
11107
12110
22053
14034
27013
22674
9719
15095
25938
10244
30141
6348
11821
26554
10079
5479
20387
30910
23079
22641
12978
5149
6967
5407
22955
2071
18676
19022
28621
20102
26655
1635
1708
15252
15407
660
24328
14164
17194
19530
24402
17969
3168
15777
13574
19827
27795
31821
29459
16673
2616
10107
11284
2093
24912
2368
7564
6676
19582
16143
14166
16181
24133
18065
2175
28468
7434
17225
10262
279
19011
16704
5355
1309
2023
572
2343
4854
8827
4592
22165
4209
12343
3579
2327
31688
13090
8228
25186
22388
21177
4873
4325
25307
20097
18299
10816
61
17048
10211
24500
28549
16355
6878
13150
1904
4847
23378
9450
20325
4842
30098
29757
3749
12734
22315
28193
22354
8438
12662
4504
18704
27557
17528
27822
16780
29394
22293
22803
8688
13031
11193
15898
22720
23200
24908
8549
15318
4258
10415
5878
13875
8277
29232
26039
2263
7552
29643
24613
25266
19018
3897
11160
14965
13260
24906
31985
31493
14714
12939
1447
21152
10299
3357
4524
455
24983
15538
26804
11280
6929
15591
3781
23169
4083
26368
21089
32082
28357
2589
19500
31572
5699
14999
27907
5358
22094
17025
316
15556
17600
29123
29583
27816
14592
2550
8062
18317
16013
22231
92
23055
24750
5443
7802
32583
11748
3853
15829
7144
28822
24043
7739
26134
817
23484
19172
2344
31698
19423
28194
16483
30826
8933
11904
6510
9189
18818
5917
3903
15989
12393
2785
29839
10507
13037
14465
27550
3072
12897
22111
12991
27919
6165
11762
13334
17786
5565
26719
2674
3277
11578
2672
27559
21581
12681
17898
19324
24132
24939
22803
13088
10586
580
135
29937
19979
31184
7265
27368
19354
14630
10666
4157
14446
6122
12798
21306
10353
18035
20652
32617
7425
25565
25230
32382
14701
22730
30070
22218
15639
22272
27464
26672
23280
26064
32143
27080
8308
22729
9794
1227
26518
28932
6383
15164
8814
12883
14696
4479
26617
19543
16931
22847
835
23798
25631
27157
21653
23337
5648
16794
4619
13968
28508
21438
3188
19178
1345
9765
28682
26567
3729
28610
1147
18740
6539
10761
22922
5875
21387
29729
29449
32498
24649
5959
23950
28079
6690
25226
2929
24592
23934
7296
22640
19643
23426
22299
30146
17040
17084
5922
464
12061
27254
14352
25358
2468
18932
30511
513
15516
28838
31003
4119
11543
2445
22874
30582
5356
22491
9627
15842
26886
17215
32258
24352
27160
30664
13163
2615
24473
23555
27799
28226
27079
19512
15409
32145
29483
19952
30105
16230
26277
10158
22142
1959
17382
30216
20810
8146
12655
3299
14155
21647
15272
25236
3783
21638
22619
1446
4815
3084
17439
6795
22129
20458
20907
25487
26365
13258
20528
8312
18107
26608
6278
22343
13796
15582
24092
20017
8912
12406
15324
6097
20980
8430
5640
2094
15850
9630
20684
11904
2237
28209
6213
2273
7109
20575
20149
6515
27279
11042
8299
31611
31395
4011
23683
28493
1564
19668
15840
25142
2968
29799
26836
24360
30842
15289
7152
25940
9560
26977
14482
10711
4025
32035
20869
10279
21000
17182
10973
15135
8054
10550
14070
10273
17555
21097
13503
3432
25520
27094
12577
12431
10752
12058
6417
20325
20179
8941
12229
25174
15326
3185
8833
27160
7224
27056
23337
7474
2017
1666
499
5660
21091
1801
3344
20691
10204
13438
1813
19236
870
22342
1221
25663
4570
20282
3146
5007
23887
13514
22924
15089
29974
17070
24900
3918
8089
18799
19678
12967
5570
19462
20551
3326
10590
3479
23965
14360
30762
11672
8573
21102
31506
428
6229
8937
5909
15023
30267
27330
9268
3027
28952
2569
355
16219
12500
26751
16280
15802
10978
13670
3225
22677
27756
565
16224
3746
27490
17736
7489
21720
22304
12214
2235
31540
24777
21891
17046
15510
19781
7523
814
32058
15201
2039
8822
19534
13029
10788
30826
12757
28009
25730
21994
6531
9829
21248
23547
1514
7388
22728
28101
24678
32137
1988
32213
18783
15405
29185
19774
24215
16831
7426
6940
6898
12365
15141
11127
24109
7723
17867
18211
2819
11044
1402
11967
21869
9472
24540
8300
28232
26018
7390
21362
12998
3722
25301
11251
3195
3027
3178
12352
28809
26259
313
8891
16305
15755
3494
11857
31689
7057
30605
28438
16412
3211
13925
15931
24254
19147
11736
1250
20946
27087
13748
2283
19225
4957
24187
3259
9651
21079
2685
16857
22754
6551
23483
5112
16787
29673
3253
29381
2151
23581
16860
30731
21648
25527
18732
16563
23041
14870
18518
10486
28101
18271
25303
25326
17262
14723
6972
18842
17244
28733
2655
6364
20728
6660
21702
27199
27514
13457
29881
22022
20845
1112
22753
20949
8856
28835
898
6227
12972
31118
31109
22289
21571
17482
10081
7812
2218
29103
22584
327
3963
3496
24496
25715
5980
19957
18657
31996
23713
27983
11443
19495
22779
5969
3290
29752
20866
2503
14330
20059
31443
22643
10851
29407
21945
10054
4317
21296
10471
9839
5575
30035
16094
11789
9790
1229
29687
332
21541
6175
28719
23135
23477
3006
8488
7948
29354
15553
17613
8093
8329
21544
15784
14537
14440
32164
20171
16807
32408
28160
25275
1999
29401
21442
1087
8074
18059
5244
1576
22258
28897
4392
2515
15331
24230
2769
31577
26157
23228
14034
23781
6039
29948
339
12832
6813
3625
26851
17916
24418
26146
49
20572
9835
1122
30763
7952
4990
25953
29031
31449
1319
28681
4923
10632
25688
31584
559
1449
24995
16954
18436
18752
10877
5141
16926
28380
650
1133
27816
15638
16021
19809
30613
3718
19464
27878
3733
30345
27648
5228
5712
1153
3363
16371
10991
27092
4159
26385
12458
17457
12314
14150
12831
20838
13379
29270
6048
12652
23851
21353
14492
18472
4409
30228
21571
12715
661
17546
24960
24419
7797
14764
847
32326
26432
15766
7607
31564
28634
4085
19564
6125
7862
29426
3210
3863
32626
27269
26947
27325
27242
32271
19859
8617
6488
1088
13374
10016
25114
29087
14591
17999
16358
17419
27698
29717
22576
25581
688
9169
13986
3246
5600
909
27146
31255
7390
518
12375
24204
5526
29125
26995
15691
19361
30888
11799
3734
25992
27396
31537
7634
1534
4050
29555
16694
27219
9690
22442
5111
7
28243
26890
19133
31924
11280
6459
3406
18993
2755
16277
477
10378
8596
11681
30067
28468
27344
11551
587
24561
5363
3772
12891
14481
26845
14757
21654
4281
16315
23891
5358
16071
20241
4255
32561
18484
2300
5049
2252
17296
22431
15294
3419
30456
26921
18456
24706
5057
12766
16003
11078
17543
20774
17844
25488
11223
28352
20468
26823
3672
21559
17073
12287
25680
32230
14730
18963
22585
15898
27275
31151
2172
11334
31011
2099
28746
16241
13333
10916
8929
4877
27675
8707
14311
24781
1811
10088
31598
17221
13930
5728
18816
15030
23961
7571
25667
9793
6884
5258
10181
17611
14467
25548
803
19205
20901
26808
9529
29344
11951
6562
31983
32655
19677
27504
17801
28783
18521
9073
5620
27706
9019
9655
13922
11273
16711
26556
10940
19196
12860
9059
30782
19336
10143
281
21988
16704
30947
20075
7367
32335
8002
21958
31491
16559
31555
13803
32392
27496
21647
20951
17790
7854
290
9437
22163
29587
28653
28568
1535
30976
19021
17519
11227
21596
2808
18298
23668
29778
31671
33
18901
23586
2008
8351
30203
24330
24907
11711
11488
25714
12145
30513
3870
9207
23350
25548
10390
19665
30160
20273
21722
26505
30786
27598
24740
24632
9557
4678
28143
7158
479
32762
13324
20035
24107
30288
15338
19490
1503
14976
29438
23280
4326
13802
13479
26074
410
24035
13972
25583
13807
11018
29069
12031
6970
12942
17092
7130
23967
20175
13251
29823
26150
28723
23402
24066
11474
12422
30227
6407
18305
2539
18126
7700
22562
16049
5893
7516
19516
10774
12815
8232
23408
22523
31203
17497
32545
28590
16924
4991
8107
26437
4006
31920
17540
31043
24792
18484
28283
30385
8622
18436
23887
8015
13037
17261
32678
15027
1835
14286
23215
25541
27857
23844
11913
28375
12011
27216
699
32513
22104
20423
25374
1292
5502
12969
15486
11429
10164
14860
16511
533
22811
21139
32593
27451
6452
24468
11167
2996
6037
32237
8860
23642
15543
28034
12975
15804
12748
4498
16043
30799
24314
4152
5956
17734
13209
12200
32353
17804
3529
11048
31472
26423
4203
13552
20957
12610
3597
21556
28352
19098
4709
21903
17988
15678
22774
15445
15999
21238
14721
693
24999
26722
8731
15539
22527
21835
30813
21982
13906
6450
19441
31433
24808
20350
13507
5252
17078
25779
17948
997
28299
13147
20296
13920
1031
5767
15933
21679
21616
17313
12348
28143
3624
959
16111
27258
15748
26909
16658
22141
27932
5691
21230
25642
16879
20468
18333
18139
11264
29767
3788
4582
18729
20744
15440
22312
21263
18133
27619
18237
16334
7257
21748
944
17056
19485
15071
21687
2525
24393
29845
15059
8472
2229
21272
1628
11615
28148
21904
8569
15332
17602
23962
26678
203
22065
30741
32227
28341
19549
8429
24850
10444
13381
24728
29203
2814
1790
22204
6066
17348
12439
22328
20706
17832
19109
24126
30837
2
22601
16630
10706
20648
26132
2455
28532
22199
12014
15842
425
9917
27214
28417
20996
19009
10581
23623
133
22496
30522
11430
30349
25979
6514
12063
26392
30234
28718
9162
20218
13911
25864
11602
15291
5067
7722
13884
21049
25551
1371
20801
23268
572
27563
19544
17627
22636
24193
16473
23346
2753
11138
4949
25651
8815
31640
4008
3603
15825
6297
6278
17710
6254
15250
7229
5594
25371
16961
25445
22823
13536
9576
29994
22116
30754
16693
19570
1627
17
14980
22432
6070
21886
25063
9163
6355
28316
32481
6790
30681
31130
5787
20158
21503
19703
9207
30543
4966
17536
26838
31977
32307
5580
19872
27692
3558
7251
11210
6805
26913
11495
8175
13518
30099
14706
13189
12527
17215
2784
15650
10971
24753
10802
27181
2687
13598
2949
30354
9636
596
1674
3091
21886
4508
16506
12655
5222
31634
22955
11209
17184
10136
16219
5756
25139
11261
11787
5079
14662
31659
19222
12762
13047
17727
720
30908
13057
11401
4484
15247
30590
12676
6954
4176
19859
6600
25717
31226
19121
20451
28554
30435
27956
18427
2434
21995
5076
6403
26669
11743
15030
11831
29107
30093
17156
30082
1567
7913
8944
24884
19980
17261
24574
15397
21659
23457
21806
403
3248
18547
18325
25112
18035
23428
770
13429
4145
16648
14430
24696
2723
32131
21736
8872
28879
28474
3002
15928
10804
27661
5472
3649
10738
67
1272
2307
25836
26134
32562
28865
23588
1885
7408
30985
4994
27290
17959
27786
6226
23833
23878
20694
28463
20164
19723
21707
8406
6884
18075
5726
13915
13079
29094
31057
24080
8513
478
14341
5860
7757
11644
25769
27810
13993
28578
9028
27603
4579
31898
372
4299
22935
5811
24392
15511
13696
6891
24124
22609
25031
29154
2404
24722
15449
12658
26145
19175
15571
28673
4603
12636
23225
20117
19117
23385
31823
21209
17084
31085
8554
29237
18418
7391
17669
31694
27675
12983
22866
23574
19253
21915
29156
31047
26719
25005
21089
31861
15723
24485
7821
23532
14126
29665
21963
19989
31751
30828
8937
5984
24116
26373
9871
10424
26525
18793
20579
22482
16076
32131
31672
10084
17784
29241
18348
13202
30547
13796
15347
32229
31627
7574
9774
15175
32739
14498
21730
4064
295
21610
15325
29295
9355
26329
24436
4019
3073
28042
12313
5163
16982
22669
18212
17454
17725
21643
7700
976
6391
11466
21901
29850
1445
25283
4823
14226
31821
18360
22442
7769
12759
23301
23896
23472
15932
31513
20640
367
22003
2723
8108
31797
21516
12851
22904
12482
21642
30726
5646
8521
4873
29706
2929
29925
1923
1158
10499
16193
31823
31893
29877
16016
15078
3488
9097
9583
24863
5659
29144
20538
21677
1953
32767
3092
10441
23443
18108
12870
18303
3538
5836
28511
30959
13614
12835
17383
18019
26451
12252
17953
16117
791
9747
30162
27919
18723
29359
5084
3224
10296
15261
29606
25692
5821
30387
10527
32694
19364
18908
21609
22433
20236
22406
21209
21439
23703
31150
22570
501
19348
14774
14675
21501
11501
10817
14688
1346
25309
25404
10360
8986
16177
26482
2858
7426
17086
7865
12803
1220
6874
13698
15133
15403
18332
11176
27189
23354
27761
14542
12836
9098
30684
13923
28423
23100
21284
6078
26100
20682
7997
32136
16363
3044
18334
2709
27013
27873
22908
11015
2896
1222
14467
27366
20560
27126
15312
4516
23312
14478
16894
13493
31086
861
8604
12572
21611
30192
4574
23790
24630
8601
6118
8854
21083
6174
9986
4380
8483
20215
22213
23328
12474
25061
9622
26224
6371
10824
4099
658
5740
14478
16232
5761
7948
5492
8384
22542
10861
4236
7673
5015
22930
22534
4164
3563
25095
3002
13450
9177
14088
7562
32164
17206
13433
5540
958
27885
556
28617
8610
21284
14999
24022
20614
25062
29078
21349
22315
29664
14616
30174
3961
5107
31412
25656
28202
21359
25556
14154
2997
25397
20968
5261
24946
17706
28362
24478
9860
26064
5547
22214
5323
15893
30827
31036
2592
26180
16407
21345
13009
23148
4012
7151
17266
13785
24251
32020
2404
15900
27349
2438
4937
14999
23498
20785
18086
31059
4670
29801
22906
5495
24894
22083
29298
24646
15035
5266
10577
17794
30522
11425
22611
31048
13164
10194
2723
4028
11000
23972
23830
29655
31432
7460
28800
8054
7562
464
16761
8575
29672
17614
1145
159
777
6933
19010
4175
20372
14114
25960
19941
12535
22588
31979
24761
12636
12041
8224
20818
32159
32504
27431
29676
21572
4744
30640
1195
15649
4603
9093
12540
5596
28612
49
27231
22243
10696
25870
17826
14010
10010
19934
29194
11183
16604
26094
11131
14706
3120
22366
14352
21174
29648
3976
19516
12629
30652
9834
19314
23775
29589
28008
29509
29580
2782
13315
23116
331
7107
23448
12664
1376
14591
6321
13103
682
12351
7198
16599
13628
6575
26240
14648
26147
15360
22834
14716
11941
6830
17826
26541
12234
7864
32605
28878
2343
14527
11423
18038
4089
32033
21015
14548
4347
10167
9068
13614
2507
12197
18612
16638
9977
27606
31395
15176
11531
29585
27521
5068
2966
29547
4748
24829
19952
29159
8270
12251
11458
9744
10465
32207
19339
23286
5455
21202
31905
27
4067
8064
23138
8040
8576
8846
15175
1349
19320
26128
27104
5428
25692
12437
15425
5996
23347
14841
16550
11911
23443
25740
27060
20229
2531
26159
28721
30983
24595
18790
1848
6168
3900
2347
12429
14963
12196
1048
354
30094
23906
28216
27011
14887
5697
17898
25461
18587
4982
21371
1709
7712
27604
30005
5109
24425
17691
12285
21853
30665
27422
19032
13198
21829
23159
32511
16615
15523
11482
29688
20161
5216
19398
23089
8809
20996
19053
2587
14439
11486
28025
26588
15975
12117
10194
29513
23396
21772
22272
28095
17316
8360
17478
3968
22446
994
12442
1552
10376
19919
5460
6571
17850
27462
32288
4821
2685
13048
3118
31119
27685
16286
17383
6518
19677
32323
221
31024
4671
14435
6411
25127
15217
19491
12114
31607
27007
26815
29794
2506
30454
16457
19025
19227
6827
4999
14533
25949
30007
7941
22597
29986
23841
28902
20680
17152
29555
21316
26191
2676
27968
9353
24233
27562
11703
29544
26663
31758
22191
8333
24311
23922
11230
15801
2507
10795
6154
3350
31028
4537
15411
5771
20997
27224
145
25618
13185
11541
2295
12322
22234
12251
4948
15522
25869
2181
11777
28495
1081
784
12878
22644
22638
29502
10248
22986
8030
29161
22226
20910
11473
4615
25580
26670
25885
3604
7096
4909
12048
914
6337
1397
1370
29907
32160
27053
3630
7503
20045
32052
8147
5962
15347
3746
27200
20987
28945
15430
19272
16742
26664
15980
25972
19520
12971
16187
31159
3079
16589
11722
23684
11399
7954
30497
26329
29574
7182
4431
32567
9891
18577
31557
12736
29514
7714
7800
4216
31581
20083
6290
27325
26345
4218
322
26939
21094
18084
30808
32591
31005
6596
23660
21943
14560
21872
30913
2458
11492
28436
19657
19640
29355
4641
3558
7267
20611
26569
23471
29987
1439
12332
22512
8011
9442
17790
8146
14280
21484
23033
4145
20056
10305
7772
20514
12832
6325
13094
20830
11783
9530
15129
10960
23320
18389
16698
32239
7703
10890
29412
32378
11508
27182
6636
11796
30250
1824
31951
14011
20718
31742
6264
9095
6642
14325
22532
14583
3822
25705
18587
28731
28272
22276
29037
556
25492
24179
3601
23697
978
1617
20325
9127
25671
10402
22920
12988
8848
30437
27288
20354
5571
2414
16350
14448
6564
4572
8933
4328
10136
6160
4328
5598
20540
22803
11690
10177
6983
29565
26195
2071
16760
23925
32456
18995
32003
32337
17523
32384
25148
32598
7042
11571
18077
8952
9154
20596
8798
31477
17449
5239
12879
13284
2148
9415
17067
3166
5986
32158
13535
25433
10276
1965
17984
27453
14040
30398
21663
21369
1148
1908
11545
29816
19486
30596
14201
13135
19294
16656
12218
4963
26952
17576
20278
1187
8143
32331
3892
26917
15338
14103
27248
14943
1149
28479
14955
5077
16391
26742
30109
16560
1529
22666
5408
8772
15570
17434
16283
32191
12017
2941
22841
32223
23755
15802
19831
31788
27477
27393
14396
8828
14032
27705
15452
6728
11035
12995
25344
25147
16725
22397
5299
13164
21137
26231
26280
30698
29805
23452
9791
3824
26388
7365
9156
23834
10010
23051
15390
6972
15786
16927
11491
5964
11079
5629
24928
11368
12188
27629
24590
3429
12514
25513
4767
12319
7756
18408
8170
24112
22270
28592
15430
21608
9635
11658
31319
5605
14354
25694
7737
20446
13352
22157
5348
16162
5293
2109
12474
9496
72
19729
26235
20354
1775
25829
16966
19149
3740
21880
27004
7170
175
32583
25143
23949
519
29176
29842
20608
16961
30747
23400
17390
1609
24475
25568
13035
10551
10919
2835
12189
10255
18653
27044
25341
6473
19941
10589
14715
22516
1959
7046
22485
7516
23952
26247
19908
14413
1796
15149
25462
7036
4643
4093
23558
17568
3832
28499
31296
8446
24526
3876
15202
28441
31228
13383
31787
6015
18678
19186
9782
21984
12129
11622
22808
22933
28928
28445
10835
27903
12391
358
10560
27009
17925
4247
32009
30339
12916
14173
26768
30946
2697
27187
29600
24095
25028
20634
20350
1743
8483
12905
19263
14713
30626
27295
17004
30627
6300
792
16652
14545
25222
8767
3967
13510
23844
2223
27596
18843
6357
30934
27470
4613
13068
7830
19761
30324
25152
9108
2495
10346
8565
26068
4849
23567
2556
23089
26790
9943
4397
25264
20136
12544
10149
4937
30673
29887
31615
28575
2723
8884
4432
28637
23794
12629
5583
2114
28219
13190
18856
311
5896
13812
18449
29067
14346
29150
26102
18689
9986
21031
11462
9583
17619
20473
10023
4473
19182
3914
4283
6642
7637
14588
25213
14369
9189
18008
1550
14048
32379
31615
1632
14346
26987
17643
18044
16653
26729
28409
18520
22005
3873
1333
2080
11375
19290
19140
11820
8891
21051
27874
3090
19655
29175
16155
19290
20223
7845
15054
29422
10649
13626
13447
25318
6541
19689
9730
9601
3898
32756
8318
30437
22534
10000
16848
2496
19421
19480
4400
795
5083
23916
10856
25123
17283
10080
19940
21083
8540
19965
27432
27778
28243
11712
21346
7499
19492
29521
7323
9537
5068
598
4922
4252
4055
16497
26272
26062
1908
1552
13385
22206
5658
20487
14326
14690
28368
29790
29755
9194
31393
7312
29470
2046
22574
3666
27981
9628
28041
2395
21972
31824
15750
23506
27793
32647
6876
2880
29906
15898
28931
13818
25082
10107
18258
3358
22655
19791
9932
19000
30438
17687
7169
17446
22675
18354
11075
746
2050
6315
18007
11567
6075
7130
9077
4492
22694
10076
24049
14723
5329
26620
11893
10010
21015
10574
7134
23495
13442
8279
24308
16711
30046
5523
3521
8021
20980
10388
23796
20373
6382
1221
26952
21070
18288
21218
14393
28663
32761
23273
21041
15903
5010
29650
1452
3605
14164
15165
19856
28973
25927
25453
20921
3380
2284
29376
26592
28298
27776
26873
23093
8158
542
9307
4877
28816
7021
20107
12236
8886
635
5627
14318
8396
24711
261
9939
1118
31891
17275
28692
26587
12920
11800
25719
53
28112
6673
7771
17761
2306
8476
28611
10284
12937
5662
16097
23886
29952
29471
17563
29784
1125
10314
16600
28087
22799
3135
16955
26643
1460
6994
28784
4380
32702
17749
2073
22690
17016
10564
31696
15966
16061
15507
10366
7750
9287
29864
8023
18365
4441
17471
10758
12067
19711
6140
17034
6279
1119
15172
9618
13509
19506
16409
1473
28967
1130
29697
7201
5920
4522
23354
26736
18210
15783
19478
30572
855
25658
19786
26952
9282
18193
147
1461
24950
24895
11518
9970
10005
30429
20164
19339
20278
11789
4987
15279
5698
31189
15067
9891
25488
8151
5704
7487
21254
3058
24440
31902
8341
16123
9744
15668
16056
18198
11333
13613
22021
12052
4238
337
11825
26633
21145
1825
20786
1288
2261
6460
31800
5913
6361
10552
30722
1307
31069
29498
8422
6449
13680
3093
27496
16531
10780
15110
23295
25222
27304
2923
28605
7597
26668
26113
2270
25771
23905
20005
32254
31847
6443
11117
23064
6509
29616
19048
6083
16345
4266
13280
5142
29617
17685
5624
5602
31676
17970
22280
30819
20777
4266
23865
8113
24836
28352
19877
16136
22485
352
31450
14913
9791
17090
32506
5796
10926
23299
20522
7450
25682
28090
9040
10225
23618
11712
22421
20816
3026
18425
19128
5504
11983
26842
24928
11874
25050
29389
6832
23647
5551
18041
28400
31080
14781
27128
17642
13091
28044
9794
1300
5440
15560
14793
25188
14857
24702
8063
1863
8686
16745
1014
22656
27655
29798
7112
14261
27758
19734
5098
2573
6042
22795
3735
31642
24414
23046
24708
14477
440
11203
18941
13427
16873
20288
13699
32694
17042
20772
13397
2173
30900
7448
23111
6983
12245
7902
15105
7191
990
14254
13311
24596
25050
20667
96
27900
27996
24089
23647
3349
9786
32604
14323
21114
2073
21639
11335
3152
31470
22097
31996
20885
21295
26232
32022
30683
5149
14205
13909
12908
2858
10713
1529
18567
17482
30035
31221
8118
14232
31922
23404
17586
20681
23024
27991
16423
31785
12644
19037
16812
12577
12132
31296
10885
13427
13556
10138
13724
26769
23221
20178
30598
20646
30254
29799
16037
2679
21886
2801
32381
2529
12586
28398
10099
6983
28
29899
5867
19196
17426
14363
8118
10301
25001
26078
11386
12285
16261
24719
28273
23419
13538
8556
29455
11370
14710
16224
2871
1049
13628
10299
28214
19396
28066
25618
6658
19135
5209
8898
7195
21090
26820
22537
545
6478
27788
6669
4390
4231
24279
9549
8778
31909
33
16374
26526
27448
20767
3240
18239
9061
5971
30225
6236
3545
21008
14664
22169
280
5681
5025
24825
16692
2915
19368
23727
11194
5960
10446
14725
8308
24024
14195
2907
17491
27025
23584
32474
28080
5267
23361
14375
11323
4602
2336
20481
15786
11780
21310
22754
4826
19624
22538
8375
29977
23688
10925
32275
24056
31654
11546
16642
6987
30669
24973
11487
9490
25035
10358
2495
9649
15683
17992
20304
19409
16680
24355
10012
20224
25215
21147
26279
5147
8965
24086
4966
12641
843
32161
8920
23241
3719
28097
30764
26590
30281
30147
6606
28976
11044
30698
41
18001
15058
24391
20995
3692
11798
31086
19123
22808
26641
21501
13429
16196
19669
2951
5964
11415
3004
11040
26301
22896
748
7791
12479
7284
13835
12540
8295
10106
24495
4053
1769
28569
30608
19502
728
31071
31710
24519
8243
12392
15730
14228
9701
3887
4335
31213
22481
6147
3293
14408
9566
28207
7556
2834
3892
30605
32161
1144
7224
21263
21895
12146
17401
14328
12585
18874
4138
25790
6344
15402
8317
12971
5737
1609
22554
14113
5188
18804
12250
28287
31482
30716
31453
1338
31434
8176
27759
11254
31718
23035
15720
17955
17025
16849
11257
6114
19120
17697
13717
7827
28444
23192
29181
16586
16567
29839
2673
10258
31643
14915
21396
27765
19755
3800
12606
4071
17072
26051
1454
3132
23686
10807
16377
6450
28955
367
23414
17726
2513
17895
28719
21879
14561
4485
25910
24531
14212
1642
15012
1742
4207
8660
12462
12300
3489
4144
4720
7315
9283
29147
12388
7036
2769
27746
24748
23624
21429
23462
5014
3749
14757
12537
27222
31886
8462
24754
8927
4409
26552
10721
9730
6155
12538
13753
14900
2292
3119
2378
8233
386
8351
23268
22860
22314
17712
8485
22623
6230
2344
19159
10344
1619
23663
11540
22974
6910
15272
14459
20791
20103
9648
3253
1442
6071
9145
26667
342
3278
23699
31196
504
27518
18512
7020
1947
30132
11374
2826
28118
16353
30568
32302
21983
27196
15893
2002
6852
24750
2821
8657
30472
21657
18762
20492
6122
15986
30408
43
16017
32524
3146
2794
13970
25653
2959
4799
2556
15691
15680
3680
29900
18588
16968
10938
25497
5458
25716
13473
28840
27711
26739
3827
13221
29452
21766
12372
1284
8654
7062
25634
6695
15708
12858
19735
20205
31773
29292
25392
14153
27895
4699
20440
3450
6564
3959
5255
24464
1730
30796
8439
27141
16315
17566
10162
16633
27748
18252
7904
13003
19248
833
19897
32214
11711
994
17089
16780
29003
11412
29786
24280
32545
28401
27401
25637
4573
7303
6135
12987
18668
21774
24816
22611
3017
5497
27938
8793
13085
31123
24239
23471
28450
19871
9111
17633
27448
27748
18268
4374
24023
3487
32488
24405
26404
2925
25825
19762
17111
1641
6757
32221
31086
25401
4447
9768
25799
4919
8914
12898
24082
12973
14238
12224
6814
10722
4185
30279
29084
4299
22839
19254
28875
18424
18505
21714
12
24837
21926
16728
16158
30621
6473
11554
21065
29105
14807
31877
19424
6098
10373
22957
17669
30772
31662
32607
27872
13802
14067
17806
12161
28734
19478
2396
11197
21362
6327
18109
31669
30675
24776
17237
12203
24508
690
18670
11584
6968
13992
6260
15157
26228
960
31789
17238
5491
28039
25107
31605
31853
8094
3702
5486
9768
21756
14971
5050
25371
21608
16526
25433
2319
3280
29285
7126
10648
23557
3339
28649
28312
6919
6566
556
29321
10944
25761
14823
5871
22022
29566
12158
10491
13533
20266
7994
30170
699
29755
32297
2885
32512
4187
8580
14121
9259
16906
22547
29120
5924
32242
28610
21798
2264
20516
13202
3650
14828
976
30924
17695
13955
6441
11644
25334
16303
13409
2759
20864
1628
8453
8557
18548
743
16823
6826
25075
25229
20975
25538
4081
20265
23727
12832
5970
20132
12751
16552
213
28184
10446
17060
25348
25035
32243
13161
30744
3897
3412
10011
9865
18469
15714
17930
2951
28022
15134
25200
18548
31968
5966
15948
17237
21044
12506
24869
2438
31827
20042
7966
12232
17264
13216
28833
10818
7386
213
29232
21321
5517
11775
3872
14164
18969
3296
1466
10636
29868
3832
1870
23155
30735
29994
16397
29784
720
20204
13297
21253
14952
11768
7667
29023
14271
10924
10769
31956
29612
31205
21212
9694
25376
5471
18152
30912
9168
1938
10559
2532
6092
29191
1058
735
8931
11574
30531
28100
6168
7894
8078
29812
3206
2977
14597
17777
17068
1765
31594
10982
9393
4432
28461
7475
17333
20286
17061
7119
1174
16925
21416
3644
18745
6702
5994
21371
3538
11890
26856
276
27913
11873
2035
1248
13397
5425
31905
1913
27774
7683
32609
26671
4734
12360
28536
20475
4104
7279
5682
18931
4296
22832
15567
27164
11405
7925
8632
26470
9905
29055
1543
28415
22684
12584
24848
14837
13428
26338
17936
1799
10337
13961
6505
25513
9311
3081
26457
12565
11534
15521
8624
22167
30274
15822
18591
29310
27222
24716
23749
17755
10880
922
4895
1763
19569
13727
7820
15356
20047
30828
17305
12851
29269
566
949
5745
30224
19926
24545
21298
17920
1842
6447
14099
1616
17674
27377
19740
5516
18025
14850
2095
28246
9975
18680
22153
29670
15470
4527
22096
22545
30924
18721
23218
12238
13583
12283
18128
20799
7272
16438
24771
21292
14616
8467
11327
13546
17655
1111
18690
22483
7050
15923
12978
7197
2229
22804
28063
11163
27358
13760
10606
16792
2457
27787
21939
1560
21849
4100
16950
8018
837
23057
24488
27651
23720
26734
22000
20721
15802
22237
1888
30398
29213
28231
17842
26241
31269
20659
16190
11575
18382
29174
4029
2866
10837
29007
20517
27875
29963
21477
7813
22559
2323
1198
24985
20313
9584
6075
9749
30655
21151
26334
17198
13173
330
25091
27039
8220
25533
15715
20766
12184
27119
9755
1429
12413
3305
23278
25814
16079
21011
1607
29878
9950
1413
32013
15424
15874
18687
13470
19820
9478
31168
29897
3710
12295
30547
2864
13338
26066
2818
31527
23758
3023
1075
2443
16682
19037
27764
3266
24980
32273
24751
23550
19502
8642
26533
22319
10334
27859
26273
4449
5334
11313
30714
28046
19121
25682
32086
25106
13060
31079
13230
9415
20887
15843
22268
1106
16837
12851
2956
14051
11407
760
2472
5044
23622
20916
13092
15477
26003
19074
31267
20175
9977
18585
32272
9513
28667
9258
23971
10265
11313
31828
12701
22566
20269
27946
4713
26457
20174
31019
17300
31259
11391
7340
8178
26366
30787
7677
28751
9473
14834
1703
5943
27014
12611
32594
32043
12484
28180
15447
9464
21249
10409
11244
17158
4937
15081
17895
30042
13195
12053
25282
28496
18940
6027
32507
20564
2245
32739
14836
5292
25148
31736
12435
9006
30994
23202
26065
19847
31520
6684
29460
31994
22068
6318
30731
23255
8450
23129
10633
2890
29163
14443
14551
22526
6968
18456
15555
576
4827
10168
24111
9521
4230
10824
5287
14243
29315
12055
26410
20110
6562
11398
14290
3936
3164
19180
3166
10670
12699
25843
18421
25376
4278
25287
20414
3212
5201
30902
8938
25759
15836
25416
11608
15303
17478
4484
6799
18109
23760
14492
21089
7032
11914
8703
6952
1991
17422
7157
19872
29804
10560
20680
10680
17887
31137
25009
22951
13711
3753
19281
26094
12514
7428
11191
18307
8192
4914
24823
9022
2588
32384
10245
2322
15677
9066
12516
3833
13848
14487
32629
2852
15066
27383
10972
11499
9929
11459
22539
24236
4338
21144
15339
1320
23033
17511
3228
31217
5398
12744
3489
2108
15431
6742
22412
21368
13244
19214
17725
28662
13902
31046
14717
6200
19048
17108
18724
3742
22668
29032
13015
2682
30263
15796
9295
2285
14044
26302
31399
18115
19629
9893
23539
21984
9439
1620
13717
9652
9357
28248
682
9048
9045
26910
30130
7345
1455
19873
12390
16044
23650
23244
10498
1203
10629
10847
29303
5840
28108
8340
9083
1931
2937
23241
31576
1323
27936
3935
31597
2312
11280
9955
16061
16469
10485
8036
9965
23691
29618
28956
17056
17567
18261
24053
12258
21151
3149
18541
11484
30504
4794
14881
3932
7806
2263
12074
10173
11134
4877
28347
861
28780
28779
14359
6550
8790
27197
28213
160
24024
27820
22656
27674
29696
21072
9588
11056
7967
23952
22028
26572
23996
8524
14460
29440
10839
26775
22906
681
30374
23515
16049
7990
26669
5908
23295
27157
22298
13048
25040
18315
16967
29153
4593
10490
27802
13212
5415
3629
30218
23759
16919
17675
9979
30315
3490
12117
8495
23786
11139
807
5317
22633
31194
4395
18130
21301
24600
30661
29367
2499
7873
13222
4727
7059
5993
4651
31973
21346
9490
3844
30535
3290
24950
19389
12017
6999
17879
31090
25578
19311
2367
17866
7550
1972
26994
31352
7575
17499
21115
11227
29548
22213
20075
2848
13844
7668
23378
4426
21740
2749
16508
15242
15892
24167
1387
25051
3725
2238
16393
22785
8801
15534
5847
11845
22836
13140
5703
23860
22968
24782
5250
7524
20699
781
27321
13681
14501
1132
3147
15165
17896
22033
14921
25312
7577
26773
18178
404
20591
30818
4088
14424
15322
1603
15162
10327
7381
1633
4976
26386
30985
31264
1962
25429
969
15286
31406
24879
7740
17551
9878
26534
6876
2869
8406
32576
5274
16800
11475
9356
11993
29253
16371
3715
31726
27798
14493
7894
14473
22052
11828
2400
15197
2322
17411
28401
17719
31713
17283
8621
5193
8163
17739
5364
31438
5369
3986
5271
8155
3343
3791
23203
16651
3092
5262
5841
11388
16210
25934
270
2131
16982
28658
11723
6020
13024
12248
19296
21716
23683
31421
18074
27361
31937
10004
16702
30268
1956
29881
15094
4679
11670
8554
30552
2879
31774
16288
32690
21866
21005
30018
4960
22700
8764
14973
4515
3315
29961
31004
20525
31330
29579
185
19210
6605
5817
31084
24701
1958
17588
18650
14002
14462
30476
27944
5802
6800
6600
26645
28071
11913
665
13869
4035
1985
22771
25188
12784
21805
14544
8077
14426
28930
26751
3498
25245
23638
24683
16780
32282
6240
2577
1362
31296
15693
11426
24467
20428
6758
21129
21432
9589
23053
10413
14310
13373
19555
6721
29923
12288
842
12945
9086
31394
30073
4625
